998244321 998244110 807335185 186525330 99824353 582501 525501 
998244321 998244110 119627258 20655558 798598116 979604321 981428321 
20655558
998244321 998244110 119627258 20655558 798598116 979604321 981428321 
998244321 996025422 971265063 890529868 439986986 956596823 981428321 
998244321 313633765 971265063 890529868 439986986 956596823 981428321 
81600045 702506384 536076588 248063471 330732935 720077657 949873724 
81600045
81600045 702506384 536076588 248063471 330732935 720077657 949873724 
702506384
81600045 702506384 536076588 248063471 330732935 720077657 949873724 
536076588
81600045 702506384 536076588 248063471 330732935 720077657 949873724 
248063471
81600045 702506384 536076588 248063471 330732935 720077657 949873724 


998244321 998244110 807335185 186525330 99824353 582501 525501
998244321 998244110 119627258 20655558 798598116 979604321 981428321
20655558
998244321 998244110 119627258 20655558 798598116 979604321 981428321
998244321 996025422 971265063 890529868 439986986 956596823 981428321
998244321 313633765 971265063 890529868 439986986 956596823 981428321
835044263 43975562 604260401 235523228 523405828 638480793 949873724
835044263
835044263 43975562 604260401 235523228 523405828 638480793 949873724
43975562
835044263 43975562 604260401 235523228 523405828 638480793 949873724
604260401
835044263 43975562 604260401 235523228 523405828 638480793 949873724
235523228
835044263 43975562 604260401 235523228 523405828 638480793 949873724